-0.358937
0.050026
0.123107
0.123107
0.123107
0.123107
-0.174293
0.040172
0.197066
0.041452
0.213186
0.099839
0.069379
0.006497
0.056291
0.045646
0.136284
0.246225
0.174387
0.296913
0.247041
0.174387
-0.125818
0.079253
-0.283405
0.221428
0.199051
0.204919
0.172587
0.235495
0.172587
0.172587
0.172587
0.229134
0.163741
0.163741
0.163741
0.163741
0.163741
0.194366
-0.027955
0.229134
0.163146
0.068101
0.130525
0.246018
0.163146
0.223114
0.194912
0.194912
0.155192
0.011505
0.053815
0.180784
0.180784
0.180784
0.180784
0.193386
0.167777
0.180784
0.030760
0.160734
0.036370
0.215248
0.326236
0.160734
0.160734
0.160734
0.025955
0.073121
0.044379
0.178340
0.209797
0.270269
0.178340
0.178340
0.178340
0.230476
0.247284
0.184738
0.228104
0.184738
0.184738
0.184738
0.217228
0.270251
0.184738
0.316565
0.012980
0.025728
0.079093
0.150469
0.205948
0.056063
0.150469
0.151851
0.249175
0.189151
0.189151
0.151851
-0.019033
0.179246
0.132348
0.032698
0.120236
0.179246
0.217049
0.173833
0.173833
0.173833
0.173833
0.173833
0.113949
0.173833
0.217515
0.227475
0.193449
0.193449
-0.029510
0.193449
0.193449
0.027092
0.193449
0.149138
0.316623
0.175634
0.149138
0.175634
0.045405
0.058544
0.156935
0.153640
0.153640
0.153640
0.374780
0.059954
-0.117060
0.037019
0.170341
0.183935
0.183935
0.293847
0.183935
0.183935
0.183935
0.054727
0.255197
0.229846
0.113013
0.202152
0.202152
0.202152
0.043830
0.253841
0.239019
0.198318
0.198318
0.230688
0.063387
0.068693
0.190592
-0.009334
0.190592
0.190592
0.217873
0.010855
0.053848
0.171380
0.062714
0.171380
0.012368
0.133342
0.133342
-0.008890
0.133342
0.205896
0.158875
0.183996
0.219584
0.243567
0.186763
0.166280
0.166280
-0.045115
0.166280
-0.035642
0.166280
0.082070
0.177278
0.064571
0.177278
-0.020565
0.210322
0.177278
0.177278
-0.064441
0.136589
0.070215
0.065883
0.136589
0.214610
0.136589
0.173472
0.195354
0.197253
0.197253
0.197253
0.236026
0.004131
0.030518
0.224867
0.224867
0.341646
0.188571
0.224867
0.212916
0.176376
0.176376
0.176376
0.176376
0.199590
0.212401
0.199590
0.182742
0.151343
0.151343
0.201626
0.151343
0.151343
0.151343
0.151343
0.151343
0.025277
0.198016
0.198016
0.198016
0.198016
0.230798
0.224304
0.230798
0.272664
0.003807
0.134086
0.193154
0.186397
0.154452
0.154452
0.154452
0.154452
0.267682
0.193826
0.222597
0.193826
0.099598
0.044008
0.193826
0.193826
0.022084
0.151134
0.151134
0.151134
0.151134
-0.114556
0.151134
0.151134
0.073145
0.163317
0.007608
0.163317
0.238243
0.186593
0.190077
0.190077
0.065011
0.190077
0.190077
0.190077
0.269438
0.182624
0.248511
0.200574
0.147583
0.158409
0.158409
0.158409
0.146553
0.146553
0.236211
0.104257
0.180513
0.234065
0.235517
0.116521
0.122384
0.201050
0.149654
0.149654
0.149654
0.149654
0.149654
0.149654
0.149654
0.149654
0.178840
0.178840
0.178840
0.217764
0.219564
0.233496
0.224474
0.176482
0.176482
0.176482
0.257000
0.176482
0.188886
0.188886
0.018533
0.188886
0.188886
0.188886
0.188886
0.165885
0.165885
0.165885
0.165885
0.156174
0.156174
0.156174
0.185876
0.185876
0.185876
0.185876
0.185876
0.230446
0.183152
0.222024
0.160789
0.160789
0.193682
0.183688
0.183688
0.183688
0.183688
0.183688
0.153945
0.153945
0.101534
0.085737
0.153945
0.129689
0.129689
0.204035
0.204035
0.171740
0.171740
0.171740
0.167761
0.167761
0.078857
0.026330
0.167761
0.148241
-0.027678
0.148241
0.148241
0.148241
0.157052
0.157052
0.157052
0.144576
0.144576
0.144576
0.168067
0.168067
0.168067
0.168067
0.175919
0.218041
0.175919
0.175919
0.175919
0.163592
0.163592
0.136656
0.136656
0.194795
0.055805
0.153886
0.153886
0.153886
0.153886
0.190316
0.199234
0.149160
0.147483
0.122859
0.172522
0.201334
0.183064
0.183064
0.183064
0.183064
0.108431
0.154975
0.154975
0.154975
0.154975
0.151235
0.151235
0.151235
0.151235
0.178810
0.178810
0.178810
0.178810
0.148476
0.148476
0.148476
-0.035180
0.177450
0.047474
0.170729
0.174974
0.174974
0.184430
0.161555
0.159828
0.159828
0.173989
0.173989
0.100000
0.100000
0.100000
0.100000
0.100000
0.100000
0.064942
0.100000
0.026270
0.100000
0.100000
0.100000
0.100000
0.100000
0.100000
0.100000
0.035721
0.100000
0.100000
0.100000
0.100000
0.100000
0.100000
0.100000
0.100000
0.100000
0.100000
0.100000
0.100000
0.100000
0.100000
0.100000
-0.058626
-0.003069
-0.056544
-0.036637
-0.070647
0.030698
0.030698
0.030698
0.014830
-0.036182
0.040974
-0.072444
-0.044666
0.040974
0.040974
-0.040491
-0.048335
-0.009588
-0.008841
-0.017191
-0.084864
0.035531
0.035531
-0.083849
-0.084661
0.037002
0.001374
-0.043393
0.037002
0.053593
0.029617
0.053593
0.053593
0.032125
0.053593
0.021909
0.014425
0.061387
0.001459
0.032935
-0.017872
0.061387
0.010692
0.001929
-0.091167
0.030185
0.010883
0.003125
0.030185
-0.047479
0.010593
0.037653
0.037653
0.014877
0.024904
0.024904
-0.023035
-0.023035
0.005869
0.024904
0.024904
-0.037961
-0.015301
0.011221
0.011221
0.023332
0.037822
-0.039066
-0.008826
0.011221
-0.055028
0.031570
0.031570
0.031570
0.031570
-0.023539
0.039807
0.039807
0.039807
0.058146
0.042225
-0.043272
0.000876
0.044366
0.018512
0.013258
0.041485
0.011528
0.031839
0.031839
0.031839
-0.024562
0.017619
-0.002013
-0.002013
-0.044589
-0.002013
0.010384
0.033741
0.033741
0.002036
-0.015876
0.033741
0.033741
-0.058525
0.016455
-0.043082
0.038749
0.038749
-0.011057
-0.011057
-0.011057
0.011033
0.034156
0.043198
0.043198
0.043198
0.043198
0.043198
-0.008556
0.001936
0.024354
0.048304
0.048304
0.048304
-0.000131
-0.000131
0.012990
0.012990
0.043880
0.043880
0.007860
0.007860
0.042285
0.042285
0.042285
0.042285
0.042285
0.042285
0.061363
0.061363
0.061363
0.061363
0.045357
0.027382
0.023909
0.025080
0.076100
0.076100
0.076100
0.034039
0.034039
0.034039
0.034039
0.034039
-0.059715
0.009747
-0.045292
0.047252
0.047252
0.047252
0.075585
0.075585
0.075585
0.075585
0.035203
0.049348
0.049348
0.024869
-0.037301
0.019066
0.012551
0.012551
0.031379
0.031379
0.031379
0.050520
0.050520
0.006928
0.036805
0.035721
0.035721
0.035721
0.044731
-0.045372
-0.045372
0.044731
0.002546
0.002546
0.002546
0.048429
0.002546
0.060616
0.044125
0.044125
0.005578
0.049658
0.029842
0.031677
0.031677
0.031677
0.031677
0.031677
0.020334
0.031818
0.031818
0.031818
-0.004994
-0.004994
0.042425
0.020428
-0.003012
0.028821
0.017925
0.049222
0.049222
0.057988
0.057988
0.028758
0.028758
0.028758
0.044791
0.025512
0.030579
-0.002049
0.027281
0.022279
0.024603
0.024603
0.048301
0.048301
0.062058
0.046281
0.046281
0.046281
0.046281
0.064942
-0.015821
0.000506
0.000506
0.031982
0.031982
0.031982
0.031982
0.048942
0.042797
0.032434
0.017126
0.032434
0.054071
0.054071
0.060137
0.060137
0.047896
0.047896
0.075188
0.075188
0.056186
0.056186
0.049983
0.049983
0.049983
0.049983
0.028655
0.028655
0.028655
0.042074
0.042074
0.043919
0.059304
0.059304
0.059304
0.059304
0.060355
0.043594
0.043594
0.027664
0.027664
0.060923
0.060923
0.060923
0.060923
0.068781
0.040598
0.040598
0.100000
0.100000
0.100000
0.100000
0.100000
0.100000
0.100000
0.100000
0.100000
0.100000
0.100000
0.100000
0.100000
0.100000
0.100000
0.100000
0.100000
0.100000
0.100000
0.100000
0.100000
0.100000
0.100000
0.100000
0.100000
0.100000
0.100000
0.100000
0.100000
0.100000
0.100000
0.100000
0.100000
0.100000
0.100000
0.100000
0.100000
0.100000
0.100000
0.100000
0.100000
